7.607180940477238362e-01 8.073437905006850546e-01 6.103462015476914804e-01
1.694252361494597015e-01 4.331024784852596232e-01 8.538815241106234577e-02
8.874279381869042416e-01 6.390693552670991817e-01 1.063964771325753844e-02
8.293456063407722567e-01 7.257893054708259850e-01 5.575957566935541010e-01
9.403139587259887744e-01 7.624688214899525418e-01 7.668009834987368212e-01
4.454679544428330473e-01 1.385138105407569542e-01 9.259087400733201356e-01
3.163888995383625780e-01 6.131876822844443131e-01 2.623742735621070743e-01
6.448958028015704391e-01 9.998408385983388325e-01 9.793437198786546505e-01
1.792492341202220896e-01 7.656597079113749427e-01 8.009574553377948325e-01
6.313460895894124070e-01 2.509885967847598209e-01 8.635673500452483164e-01
7.430628569491621871e-01 9.962377751314223095e-01 5.726718773720139710e-01
6.197215379206745256e-01 2.293451670527320019e-01 3.013302688783395800e-01
6.520662271309646263e-01 5.760010738335898939e-01 7.557861033691970487e-01
1.930624781145139357e-01 8.560456845266704029e-01 5.594154730408904541e-01
3.681420335326143212e-01 3.895576161430330808e-01 9.220771789999772095e-01
9.677912461138624689e-01 4.308127071834342292e-01 7.222776356250348861e-03
2.791742722254404452e-01 5.960419598894625137e-01 7.727794309672820772e-01
7.124858793324304607e-01 8.136756035049287350e-01 6.948453554131681642e-01
2.821184622074895954e-01 9.280892994409338792e-01 2.124687782445532358e-01
3.965088646525548599e-01 4.345118730276503749e-01 7.550840615280124402e-01
2.578374179731379723e-02 1.560144735323002463e-01 1.708666378385526041e-02
2.608430351685318005e-01 2.970110050125097656e-01 5.567507140620819861e-02
2.203823087635976563e-01 3.671967765396577654e-03 2.037456548555448554e-01
2.637592230247163272e-01 2.316180828370270062e-01 4.903318484647927189e-01
5.910438904252844905e-01 8.994853414108988643e-01 4.138684681235079710e-01
3.332972522175793317e-01 4.152401050726011178e-01 6.293088882914659177e-01
3.520391519340553277e-01 9.714911647469172129e-01 2.954107918601962535e-01
3.311004372134265239e-01 3.400859297336153997e-01 3.539196732093408126e-01
5.801172053661413086e-01 7.728872901113530425e-01 7.014723726035043683e-01
3.044528196233937667e-01 4.461872606412833342e-01 9.203421273852250284e-01
3.326444097337094563e-01 1.390166110815035383e-01 1.808920848952663141e-01
1.824964742011768726e-01 3.121196078905256188e-01 6.667225620075777348e-01
9.507182506506826059e-01 7.078373557835786478e-01 1.382193443724890614e-01
2.586800426379611828e-01 3.755326705717608737e-01 2.308920484541612250e-01
5.125496953930812616e-01 1.712364601258214991e-01 7.025278816425483130e-01
3.167865513179788373e-01 1.874976754418606895e-01 6.679859583218649144e-01
8.647397204729618814e-01 8.773440374982737211e-01 6.115941368895077002e-01
6.748522235879106379e-01 4.899374497673141260e-01 8.446611139465708407e-01
7.702691405991205498e-01 7.901981823903825308e-01 8.910681175509740370e-01
8.935808035411347827e-01 2.110396428214666997e-01 6.852940801131094384e-01
5.667807735059371410e-01 3.366756078369628202e-01 8.232221121310296930e-01
9.890008485948776906e-01 7.600216934527170842e-02 3.700141154851800396e-01
3.686606913544442365e-01 7.297258745973360661e-01 5.393916261777721433e-01
2.151969628702703474e-01 3.538747110079382141e-01 7.328322552053070371e-01
2.846697137296370084e-01 2.219006222403419049e-02 3.048116533895871560e-01
2.631667893849953810e-01 5.166193525818408849e-01 4.365443036696085022e-01
8.473063406637124650e-01 9.361255850941095913e-01 6.744959212540436733e-01
9.692049474737198800e-01 4.715379864850059999e-01 6.711546319611766398e-01
3.548474309349246569e-01 4.410536649126359787e-01 7.244299013785099328e-01
6.013247074574477047e-01 5.134996937692674068e-01 1.866167831800255028e-01
7.018113182988835463e-01 6.077744526042865303e-01 5.050180405827272567e-01
1.934832032845084093e-01 4.599851070669432884e-01 8.301882464326167943e-01
8.751362730154009784e-01 9.042199635181861206e-01 7.826608274285660194e-01
9.450258380162179783e-02 4.575181427582698523e-01 3.827369460434788540e-01
8.491434855955168892e-01 9.589767639936145338e-01 4.916463350871997928e-01
2.354186521122736409e-03 7.022776939124841800e-02 4.801312286162739973e-01
2.252724432939664512e-01 6.632118454619561065e-01 7.817011614671955932e-01
9.426735223684575837e-01 4.676906912680556250e-01 5.588203443104634571e-01
8.408642047082602877e-01 7.489091846878292991e-02 8.929010769976644113e-01
8.108592469199834563e-01 4.698441191652668047e-01 4.712523290125449904e-01
2.680957032496037451e-01 7.630723654370399345e-01 9.340405011186030393e-01
8.263625899009251485e-01 6.617866556587052029e-01 7.355011712247496725e-01
7.462892875922315650e-01 1.180172743613439046e-02 5.197188515576316448e-01
7.102455874751884002e-01 5.101108369071841731e-01 7.127592852767178355e-01
6.136052976161923134e-01 1.517396490960455369e-01 9.163286056123789436e-01
8.186142830236401435e-01 2.605855815259705555e-02 8.200752360268448449e-02
2.758166819459775265e-01 7.756233725384831246e-02 9.834591257440620238e-01
4.936959048545097595e-02 9.532782692150820747e-01 8.711382864314066721e-01
5.255078239910998539e-01 5.578510192957736313e-01 3.438602560455674695e-01
9.831338131473121855e-01 8.483161834647738875e-01 7.866059947081235348e-01
5.922967776155595443e-01 9.351552899942978669e-01 4.207326956097788839e-01
9.682741327730887138e-01 2.234765339672530882e-01 8.305918723380775193e-01
8.726020176245726789e-01 6.472495603431893674e-02 8.420443861126494234e-01
8.149221177732439703e-01 6.200579699989391402e-01 8.590361826427755920e-01
3.516571063536364505e-01 9.962414498171123789e-01 6.925555182551682565e-01
1.644535487031317800e-02 9.643244265590489306e-01 1.536582100696641806e-01
4.738722222477623758e-01 1.345231942756295318e-01 1.868783749591134136e-01
4.222191227869619423e-01 8.723021588184426411e-01 6.497251901765055404e-02
9.396568099145431452e-01 4.321883896372159528e-01 8.227168174499467357e-01
3.918422121909835854e-01 6.900870076198550862e-02 7.943976982879127346e-01
4.285253289649985087e-01 9.077349582582372456e-01 1.244001925160357347e-01
7.410176981676552810e-01 4.034884203874777864e-01 4.491669351320608516e-01
8.732407025714563620e-01 1.047072682774191632e-01 5.219072956844175160e-01
2.926644840335199671e-01 9.171079180116932239e-01 2.783232109388464881e-01
7.197221585144615297e-01 4.441181266741318634e-01 1.533848780227977660e-01
3.511469708491062880e-01 9.937516910801154069e-01 2.754775253803790624e-01
1.116793591205400560e-01 1.302005641710489714e-01 4.703421089825816637e-01
6.230127310823803111e-01 9.071888945754149614e-01 5.801648390700808733e-02
2.978154077612148454e-01 5.854572669667086338e-01 9.981812113621131299e-01
6.036039438147955405e-01 3.416105341906631176e-01 1.858935639017810226e-01
1.292796761458525623e-02 4.683950486885742892e-01 2.196810504204228520e-01
9.786628433814186234e-01 2.626058938036035517e-01 5.436789980823431012e-02
9.441707549146487466e-01 3.363396158686101645e-01 1.966349200502748307e-02
4.246064164643447159e-01 1.814975090914046074e-01 2.729877443691628436e-01
7.381307387888359495e-01 3.410043541761583752e-01 9.101888925132247676e-01
1.283913637051873335e-01 9.380483525158089808e-01 7.333888394613111705e-01
4.679380069876449832e-01 7.860805096959792015e-01 8.949395708536361793e-01
9.356807491070878724e-01 3.713766278882810745e-01 3.696629054459537045e-01
7.243785352422884571e-01 1.265191712142714753e-01 3.924315771290720622e-02
5.162132772397092229e-01 5.993863708079815167e-01 2.939478524461780484e-02
5.817824363789975139e-01 9.318837192648874446e-01 5.310701766433342241e-01
1.129797088992270382e-01 3.730041083102546562e-01 7.791423337896513646e-01
9.980850803778372748e-01 1.284838640258778586e-02 4.426899123277018289e-01
6.741448882921313723e-01 6.565997518821465873e-01 7.468651745011384291e-01
2.242172224615868181e-01 8.408998517981434162e-01 9.513856548679130443e-01
3.971913621657119364e-01 9.143441477300636722e-01 1.414217623578939431e-02
5.177620396656682500e-01 7.038863443611889092e-01 7.448580807528976111e-01
9.471063764427783971e-01 7.062067284573281256e-02 8.115494292914099406e-01
6.356870805115085732e-01 6.294857953880164114e-01 1.742835542991112430e-01
9.616665681199032534e-02 6.568557919287121294e-02 1.820176304623108976e-01
1.464263831684843309e-01 3.622997778785729261e-01 4.252621792317967664e-01
2.590503017541733177e-01 3.711131590263948565e-01 6.043441834021202608e-01
5.081468256419049423e-01 8.189195874785766271e-01 5.023647229388069624e-01
1.897974902148877874e-01 6.490415062290052495e-01 3.522627500025928837e-01
8.475484213798590849e-01 1.760289089482481861e-01 9.193622198332406237e-01
6.581159183455859152e-01 8.973343361966543696e-01 7.743532864192492760e-02
5.300331208580402187e-01 4.115082380630887826e-01 9.275463057323877214e-01
6.907150825203490774e-01 7.250828997577004609e-01 5.316441899035561081e-01
2.788825448689418174e-01 5.874650670699915755e-01 3.946886207058503127e-01
9.413357043334660279e-01 5.634548851164593586e-01 8.407987480157343985e-01
8.826441875632973222e-02 8.125421099910985490e-01 2.232662404630527675e-01
7.144106492823323329e-01 2.072227133774811048e-01 5.388453637290456788e-01
1.899897113786958025e-01 1.439403675684043371e-01 8.342481989072240145e-01
4.114938802153357278e-01 3.325821312826056086e-01 9.655094284043755914e-01
5.366245791604996596e-01 7.461697603597681194e-01 2.855074947503788430e-01
1.275788095296334079e-01 6.904467966749139318e-02 9.835261614734245317e-01
2.457571801835917169e-01 4.367942375346316464e-01 9.547487722394827347e-01
3.095046097601268364e-01 4.990228856946040681e-01 7.045356500596758886e-01
7.762516745424196118e-01 1.894651675003741209e-01 2.738155484528256300e-01
4.655698324205118643e-01 2.259113612490749601e-01 3.347483006120535176e-01
7.199233413409810156e-01 1.936651679580247976e-01 6.205699134452876686e-01
8.389902148612321531e-01 4.312571344761801928e-01 8.852923238573124909e-01
2.415732389424816162e-01 8.934724918797639637e-01 9.758200744958854811e-01
8.913205503726753243e-01 1.632548425659187119e-01 1.181435518384413852e-01
3.555674872713427970e-01 1.523862628900723992e-01 5.217578716046274989e-01
6.042988045396980867e-01 3.069749956153833281e-01 8.824585081306892675e-01
9.400938771318089193e-01 1.344815195965675114e-01 9.319917356072057180e-01
1.361436311583907877e-02 2.532608952877569708e-01 2.097845635551437438e-01
6.929438906746867577e-01 9.021733661309945251e-01 2.580817653571110259e-02
2.785368667841917611e-01 4.239205279417694872e-01 8.622491563749594690e-01
9.377072579644507577e-01 7.503576061347885240e-01 7.394504158741724842e-01
5.412849319884349697e-02 4.828576097040535586e-01 9.103196185927642237e-02
7.982194392533639160e-01 7.532337672251736560e-01 7.554997961753745495e-01
1.134718507648568853e-01 8.979424893163719945e-01 3.673639360915592622e-01
4.633644533611426253e-01 5.250277993811638400e-01 3.274124150715885806e-01
2.365148192113482040e-01 2.517438881405575923e-01 2.959611085545463816e-01
7.904980924674147591e-01 7.246499344968726497e-01 1.897416317151522369e-01
6.390778358036433016e-01 9.992948368779384083e-01 1.564115277987720987e-02
9.801170161434261674e-01 6.641809816094639274e-01 4.462949592110999619e-01
4.056379824000477807e-01 4.764806865411275183e-01 1.052143920008969946e-01
9.157613688700635413e-01 1.259334134497180901e-02 7.241650722881475266e-01
3.394728807593292430e-01 8.319432745131860596e-01 5.829039670964027975e-01
8.936333877497342204e-01 6.457801314644191493e-01 6.478847003814143246e-01
8.803038018980209323e-01 7.531402563120431770e-01 1.202104488099345891e-01
3.826603785325153329e-01 8.206899517618642115e-01 1.057470381953379279e-01
1.083366914560630612e-01 8.681353866984936607e-01 4.672300784980513155e-01
2.157986550418264926e-01 9.768253005178170190e-01 4.999769383631758046e-02
4.290413684698031194e-01 1.982558738699466971e-01 7.528151812673904431e-01
7.961328488846208806e-01 9.959987505531884278e-01 3.858276956681958580e-01
6.508240150190303108e-02 5.002508425626951416e-01 7.106903434539296738e-01
6.472345626433925192e-01 7.395160823794020288e-01 1.574896768242950440e-02
4.287816053623885182e-01 2.682157615786153748e-01 6.509208888760632528e-01
4.734180248746601150e-01 2.382266438169252654e-01 1.095048972910647178e-01
8.280396927915264493e-01 6.834290129019746640e-01 1.661458367572588024e-02
3.994520044377125600e-01 1.371193135860331314e-01 5.953851479852978468e-01
3.475831961194283393e-01 4.232846554974663000e-01 4.737762480384055674e-01
5.357902289687707098e-01 7.447135549988236347e-01 5.265582136497831689e-01
8.582159981865007392e-01 2.609465844651385202e-01 3.738542549907514223e-01
4.553245117485454907e-01 4.318922167698321379e-01 8.317746754984786106e-01
7.113125395300854414e-01 6.126069069314266091e-02 1.704967166315450866e-01
8.272561500096126119e-01 8.556418799833751532e-01 6.576564362395292962e-01
9.951388196715199586e-01 2.797588017632730573e-01 7.502601827030571657e-01
6.169913560020668930e-01 8.405551008153110404e-01 5.118707124318883084e-01
6.410515798186502412e-01 3.959949051624955807e-01 4.206150751200743443e-01
2.225099349275458938e-01 6.621477894431063715e-01 6.518726797605725043e-01
6.090038439261206138e-01 8.217509400594119606e-01 9.912833535891086845e-01
5.758878202877663055e-01 1.623428260882164853e-02 7.775220382454328671e-02
5.931008893433385998e-01 8.468646002651113447e-01 6.593493456279015952e-01
6.099913401836095650e-01 2.361862859649482838e-01 9.071687881722073632e-01
1.474059509237414245e-01 1.378776357054719570e-01 8.547347258565732853e-01
4.930258903733231168e-02 8.605900913702771993e-01 7.554979853782551880e-01
4.204826404220310954e-01 3.597853085032676201e-02 9.497661610951244615e-01
9.470656041188467711e-01 1.523577506166207129e-02 6.935534777100826886e-01
4.052915032804458306e-01 4.104158645236086755e-01 4.594549369764463487e-01
4.792904542941067714e-02 7.882552761596790525e-01 3.883960512288229250e-01
6.504022715555775047e-01 3.363593486952507483e-01 6.548778036317646212e-01
6.538253282565191782e-01 3.273741208004834480e-01 9.368538210147159262e-03
5.211484801037694625e-01 5.790277685263270913e-01 7.498693862786942610e-02
1.879561856674366593e-01 9.080218716179890848e-01 6.457462003343382717e-01
7.066374838216377130e-01 4.596169370580751590e-01 8.638842320543875797e-01
5.702042086828142953e-01 9.323130740749496770e-02 8.124303184563008706e-01
3.865595907328529535e-01 5.642949236862635498e-01 9.069667121232428686e-01
9.319957080687153450e-01 8.896426090841957901e-02 7.897355868139392943e-01
6.427626183130137338e-01 5.919092532164562659e-01 6.949163347957636461e-01
3.727043215794584308e-01 2.418317284626589903e-01 5.854851694496181480e-01
6.131371688418832955e-01 3.501118605904764980e-01 4.913875020195093146e-01
8.736985865501399884e-01 7.493639667613559707e-01 4.079800299376420414e-01
2.437123437509365331e-01 4.383824068612433011e-01 2.214978472953167410e-01
8.942725567892343408e-01 9.376911704808333914e-01 2.892701550044696202e-02
1.349121357536045007e-01 9.914847602016804151e-01 5.561679855340226908e-01
5.334362906553345995e-01 6.100247496107580325e-01 8.046992679878363086e-01
7.738903799562816266e-01 7.415379445351681920e-01 6.825137876177993501e-01
6.033035811083466982e-01 8.750928176327520402e-01 7.511861799783092764e-02
1.091281826607845007e-01 5.539524911515673056e-01 3.919238413157486445e-01
6.101828116365131116e-01 5.378634349187240149e-01 2.007634719215778407e-02
1.317863463346221620e-01 8.702565623279688856e-01 1.664837792161298902e-01
8.441019494599392159e-01 3.625261508793646836e-01 5.841874597882220632e-01
9.773447125625367438e-01 2.212881374863044925e-01 8.306067531006822158e-02
1.799262656005150562e-01 2.807084129762846825e-01 1.898980019650133855e-01
5.279541194894272760e-01 5.630679706460466338e-01 4.576444031121380540e-01
6.385720008726569752e-01 7.223342210936330998e-01 1.339200575943293448e-01
6.045388003389128295e-01 5.088876831888313745e-01 4.781504811623773499e-01
7.420747037884628527e-01 4.773166618103278358e-01 3.369788950247424308e-01
6.295958478542138526e-01 4.765571698555981506e-02 3.094114122672697587e-02
8.957900129719224003e-01 2.877827051677954717e-01 8.221804270865469277e-01
1.283135571708582390e-02 8.368618679183895681e-01 7.194039634233428959e-01
7.664099561130742755e-01 8.086842441440320606e-01 7.428933312855107163e-01
9.188326055484782318e-01 1.058462725706219576e-01 4.061718469294501865e-01
2.210249400971563416e-01 8.012093419921566539e-01 2.131535088249137955e-01
8.765679256536172970e-01 9.844985901902593151e-01 5.899665528507597179e-01
3.105377759014955608e-01 7.504645795684046217e-01 7.304678882798727457e-01
4.956202673309366702e-01 7.248162497098168400e-01 6.762565448016049086e-01
7.692435636594715520e-01 9.973604871739198963e-01 4.507547164650540505e-01
1.000992312659809702e-01 2.722057420465056055e-01 1.389527478183772979e-01
9.268890053931090334e-01 2.125262129241404230e-01 8.307118828493124107e-01
5.663144854303814313e-02 3.874413051429405064e-01 5.805546796839968771e-01
7.159633818555656282e-01 4.484149517092570481e-01 5.911312392232180857e-01
9.658425709749357546e-01 4.077466381545591378e-01 6.553569623199984040e-02
9.106022621499114678e-01 2.781995014555793677e-01 5.478619071133730145e-01
1.678287480366883466e-01 1.855498969530334774e-01 6.814777265227079939e-01
5.710759393109966497e-01 6.439738188006809416e-01 5.870627797614930143e-01
7.208833891259168736e-01 5.089653222594997528e-01 2.345425105845702074e-01
1.283949188094947180e-01 6.234436129115313863e-01 9.338491379477888987e-01
6.482056937667373120e-01 9.983464399624527585e-01 6.483283440599458824e-01
9.136988267877823588e-01 5.157316246800962567e-01 6.225157791336975999e-01
2.014829910487105913e-01 1.939573063525169561e-01 5.720711855089722908e-01
2.623706753540228087e-01 2.729134184784808292e-01 1.774602079062445048e-01
4.519317705518102191e-01 1.089134271633968032e-01 1.794999188860533224e-01
7.768541853507785477e-01 6.848955200705112434e-01 6.023214959015230630e-01
7.367126815353886027e-01 1.572762932383087175e-01 8.087207280940412746e-01
5.349629978268405361e-01 4.634786113867893631e-01 8.547857200820169199e-01
9.113827454678458118e-02 9.143214957127188125e-01 5.823909627640831976e-01
2.021598187602646757e-01 2.151849097652922538e-01 5.940665678908318981e-01
6.655378639266643637e-01 9.347698294959351228e-01 3.998836982619271563e-01
5.804811761607263643e-01 9.701150202774723175e-01 8.238152321219982532e-01
7.764742809354322484e-01 2.024738340878585729e-01 6.585127967859198961e-01
4.384369092929328859e-01 9.698773991403282224e-01 3.775096499448515885e-01
4.783742616619037769e-01 8.017170174029364382e-01 4.978627365194153720e-01
1.761880220675007269e-01 5.905510743388998618e-01 1.397639499136527075e-01
3.532295352209635642e-01 4.977527521894697937e-01 8.305737037571612191e-01
3.696273069825596336e-01 1.402157760520061913e-01 3.093431908133982278e-01
8.078025288151661210e-01 1.781116145021086616e-01 5.349295405708385243e-01
6.821115198256010315e-01 3.991449942320779432e-02 4.296970459966699130e-01
6.242347365017314464e-01 8.254056110262936174e-01 2.751886145703325015e-01
8.352655311808729888e-01 4.535772824397511505e-01 7.468560331386139284e-01
5.328886676043171899e-01 9.296349786193580655e-02 1.648379400476396306e-01
1.568890079061735499e-02 8.730209594567450715e-02 8.702695527648000029e-01
3.149852513513394792e-01 3.447851775168164767e-01 4.861068087857423059e-02
9.152914838682844056e-01 6.039673741289282027e-01 4.641208469306690176e-02
9.854166958106416185e-01 3.643550348372026626e-01 2.516048379629922671e-01
4.580433000801397148e-01 9.403544998956459011e-02 9.700592370579752544e-01
2.217221408368474922e-02 8.697223311952929636e-01 1.252013837857969270e-01
2.234907851385226074e-02 1.676839121703860291e-01 7.455694286498253387e-01
8.329379299826353833e-01 7.755358760988283473e-01 8.311667017947582670e-01
7.680146647487600120e-01 4.421097931533152225e-01 9.273870550279272873e-01
9.554044028396663224e-01 8.383748788377820560e-02 2.541907116239803255e-01
5.852575149593547410e-01 8.094437263593134979e-02 9.083318246591476353e-01
5.390055022834563392e-01 2.986906301638884154e-01 4.683649767416101506e-01
2.115574780977650393e-01 4.999727612373164876e-01 8.291374164292247828e-01
2.369314013913295103e-01 8.436647984916222365e-01 1.707974472882844985e-01
6.808739659904248231e-01 6.900334852335249236e-01 3.033002540941520664e-01
3.285263376475776598e-01 6.534989299992082223e-01 3.861201736455946998e-01
2.626682519752265854e-01 9.588042876314935015e-01 8.782687248829449400e-01
5.386506457301221129e-01 5.598853187232522011e-01 4.531564596748383078e-02
4.700237008968561891e-01 4.761836702700467105e-01 1.262111392897975470e-01
6.237742540752077014e-01 1.201187920067544601e-01 6.904016254688140064e-01
3.110616282674186772e-01 2.477568008413408851e-01 9.552325531871619368e-01
8.214982004576786290e-01 5.221929699991514351e-01 6.914352158855814334e-01
7.097825600974615456e-01 5.998612545273522834e-01 3.405605215640818972e-01
4.409386458526771690e-01 5.395553890960510524e-01 5.251249824901572660e-01
6.008810733366267698e-01 9.458812797854313503e-01 7.152706054696229554e-01
8.411435062989982558e-01 4.959421931316010390e-01 3.700988999046728178e-02
5.734108860351995185e-01 1.961855362693174509e-01 6.581571434469186688e-01
2.643048602409878711e-01 6.389663104849871988e-01 4.988830977274988365e-01
3.795178485960597481e-01 9.416444403610080283e-01 6.589201842552350197e-02
5.817408556458738556e-01 7.411555837934485913e-01 6.472072601884266696e-01
3.514170646378981244e-01 5.599453079302207925e-03 8.756743011465440985e-01
5.031433771827555912e-01 9.524880544282776640e-02 4.543816794265010950e-01
1.391591164738140707e-01 3.947867904208368639e-02 3.077063737003132848e-01
8.914158375955140157e-01 8.191689726476830691e-01 7.814765182905866192e-01
5.173394621533285997e-01 9.403841870749939380e-01 6.086697159917409117e-02
9.581177441548862639e-01 2.084647173982228097e-01 8.505255552185508883e-01
9.066022319003719243e-01 2.109483215953342761e-01 7.409728043925684071e-01
4.616868817013993764e-01 2.122767815465810282e-01 2.912715032826126427e-01
2.813768167810939413e-01 7.081233291874908797e-01 8.151540541074762114e-01
1.655167287588702463e-01 8.602677441982899964e-01 6.815821128692407527e-01
4.631572835468468208e-01 1.035224376798301593e-01 5.324248119395120771e-01
1.957399184949689674e-01 7.585962721132916142e-01 9.566140000421090583e-01
9.947732433170075605e-01 3.943653688466050022e-01 3.648644018084767904e-02
6.519799424457527470e-01 9.548382131180663812e-01 8.296449655034691117e-01
7.366932302973794311e-01 6.145926257442735352e-01 4.322201936924860988e-01
1.012944120509078338e-01 1.005825092009349220e-02 8.574978818104537215e-01
7.942806749731493587e-01 8.017517289393161217e-02 8.998406663329598931e-01
2.224343139754801912e-01 5.917282635014861070e-01 1.691123206817037872e-01
6.937911524256391571e-01 5.870522350910267750e-01 3.240199125526599389e-02
9.308036233160190687e-01 4.174293780186503211e-01 2.840164990837625858e-01
5.210917320989316703e-01 7.478994797884630508e-01 5.058010726020409908e-01
8.834803151214529748e-01 7.748266144809941025e-01 6.035976853891155125e-01
2.613487795886015874e-02 7.367165222402505265e-01 8.473250383688750720e-01
3.543601773889505369e-01 5.272743247723702398e-01 1.359052289371055489e-01
3.532718334039779418e-01 7.856971601466609112e-01 5.783637422096058467e-01
6.870149270071942427e-01 5.869891401692783894e-01 7.114235820236274321e-01
6.264399794874272454e-01 8.708870965853433566e-01 3.785261277462388385e-01
3.960305318513890338e-01 6.402775741124865361e-01 1.186650056822479149e-01
7.896146323593044025e-01 6.932902465039869622e-02 3.211881785767035646e-01
2.812242451404507460e-01 1.764149793666262012e-01 6.058861006338567279e-02
8.742340523708794775e-01 2.959054661991924462e-01 5.628300487741543234e-01
8.180291833600180640e-01 5.617783349550665717e-01 8.132562854176427214e-01
4.383645838043525034e-01 4.628250030788109148e-01 9.604438578000492610e-01
1.157718553628311886e-01 6.779575888134197204e-01 1.588297329104471078e-02
2.611789945884845920e-03 8.587716661760260717e-01 6.351842005230388111e-01
9.305960797769896597e-01 8.990385728235188445e-01 5.023411280998485440e-01
5.792422055696994088e-01 4.204434547194220162e-01 4.460815733016150197e-01
7.281673548991083322e-01 1.634226205442287361e-01 9.517531204312124071e-02
2.309657223667126447e-01 2.146453696096595198e-02 2.808179739651864848e-01
3.495777331892093720e-01 8.336413405345897143e-01 1.397791493720225153e-01
3.001851190005316861e-01 3.462986057106617332e-01 5.768038245576021517e-01
1.180192948912595075e-01 9.223139149467171061e-01 9.203509792824919877e-01
4.196959681563963152e-01 5.899347056868509132e-01 6.078829315178031489e-01
3.545734192809461005e-01 9.766972202462217423e-01 1.727921367715676837e-01
3.945349459243157053e-01 5.486868637005931637e-01 5.549606050412114744e-02
8.949226320380554434e-02 2.290525986674567527e-01 3.050825936485390688e-01
8.572867397215624408e-01 6.370847461513891030e-01 3.875140897350448643e-01
6.414114734777689453e-01 9.545677069312993313e-01 2.304775945292169004e-01
5.292919029480014359e-01 6.682180929034204908e-01 3.497980219103793420e-01
3.175046866701751735e-01 9.996955573690622376e-01 9.148671382437008059e-01
4.210738756440834951e-02 4.573467135843634068e-02 2.117838435328871505e-01
5.336652991755176378e-01 6.476521394978991264e-01 7.652655726074155673e-01
8.104154631684826748e-01 1.447440945945036583e-01 6.182287125973444653e-01
4.902574742558273302e-01 1.583804864130787804e-01 1.948782714715400211e-01
7.847181006093817413e-01 1.939930454383914649e-01 6.505366707460059628e-01
4.959503038919244045e-01 1.715026660157955574e-01 9.879475149758825125e-01
6.364516902379602215e-05 5.371900549910058054e-01 6.964801724531416438e-01
8.454879228562478533e-01 9.254880846720168197e-01 3.053674124307993454e-01
4.388561932948272792e-01 8.009305858683261059e-01 5.722545666240341777e-02
9.820078467909145736e-01 9.255265617395256328e-01 2.032976651878917185e-01
3.154223745375981380e-01 8.719718039574997359e-02 2.347126676352839780e-03
2.801441754926269345e-01 2.988969514173165365e-01 7.319176374502681659e-01
8.984329788611744583e-01 5.925188160615237898e-01 8.585647527355444453e-02
2.290601502632004793e-01 2.653473009723084086e-02 3.905055352911146471e-02
3.584301244047285451e-01 8.423444622606984789e-01 2.946486259770348948e-01
3.258080890382579753e-01 9.308283685009431929e-01 7.544647162690019115e-01
1.536101151035568213e-01 7.275353970674175441e-01 1.562391462985968094e-01
3.854258086885158363e-01 4.881188489487324755e-01 9.445890577661696375e-01
2.970864574689131565e-01 7.781702263553086363e-01 4.962076872563262464e-01
3.855690990086380054e-02 3.970752380583937313e-01 4.194388501618634413e-01
2.654613718251830345e-01 3.995562622672541586e-01 7.367755305989390768e-01
2.683356317714180594e-01 5.743951801794046075e-01 5.479323399684469242e-01
5.528845455524857844e-01 2.570950381542036478e-02 2.484297316340381423e-01
1.550697736678088301e-01 9.320178301901032025e-01 9.607381464532260829e-01
8.727369334649006660e-01 3.751638409388693418e-01 8.594972264831085562e-01
5.545489943638655106e-01 4.343771010512158526e-01 7.766845312129394552e-01
5.270990689507583093e-01 4.619903578377382303e-03 9.286992563478876361e-01
7.792630788196377445e-01 9.964522231405118502e-01 3.406162216970431977e-02
1.676000619714664852e-01 3.072013094174461667e-01 6.514304394420948885e-01
2.323013792330128613e-01 4.002895626727789313e-01 1.871781677058715898e-01
9.714833642725614338e-01 5.070941538198439069e-01 2.579360305962701272e-01
4.657199903499956717e-01 5.087309721007391428e-01 5.087249963138149589e-01
5.095627283352580639e-01 4.369101792608717227e-01 3.253735944931682722e-01
5.853165922939074228e-01 1.458388092934853608e-01 1.228132635190346544e-01
3.276250418481865267e-01 2.361280221776116406e-01 2.321935841138094148e-01
2.068810433506680369e-01 6.165545671940126926e-01 3.045384393647126986e-01
7.243854564310980848e-01 8.961121606588728916e-02 2.477809394540518850e-01
7.363140451724701219e-01 1.073634205757312277e-02 4.655944586298323973e-01
5.924327485271789762e-01 7.967030239976544692e-01 8.723851757928837714e-01
5.209048281406135628e-01 3.952422073552257498e-01 3.959899956601078408e-01
6.010997001165306886e-01 4.914543779302402715e-01 6.875102704506863560e-03
6.467884416596528796e-01 5.298848837011613799e-01 6.071835561753331501e-01
3.845077888547686618e-01 5.280489399961818542e-01 5.819475885362433987e-01
2.911714828594559323e-01 9.244397712520147081e-01 7.863017064668926803e-01
7.914948578456991735e-01 8.363175765602031131e-01 8.002182028328478358e-01
7.360566138056006125e-01 5.469736161290809084e-01 3.716048973465390093e-01
9.341719821762883846e-01 2.424367101264202073e-01 4.415627132969521806e-01
2.301749272979812799e-01 9.324962065112734066e-01 5.971754105831413861e-01
9.724658135530609426e-01 8.788295099367584573e-01 1.465688977546862892e-01
3.382163867534582202e-01 6.917308394281761474e-01 3.228927688540753627e-01
3.371495998380206194e-01 1.064998986552228022e-01 8.095050068213398564e-01
3.653435972611124294e-01 4.303481986262649439e-01 7.462817672899069166e-01
8.508768448315483512e-01 4.596716103620643867e-01 1.729003452450399436e-01
6.844063610781243590e-01 7.454077874490812050e-01 2.439337654740689754e-01
8.473340281677709251e-01 3.025940791579051492e-01 2.957955774069432886e-01
6.998442164310537672e-01 9.123910246587758621e-01 6.114502347039877383e-01
4.159505432476917619e-02 9.043968961037777143e-01 8.096155042044769212e-01
1.271845935699406072e-01 4.581441384739342038e-01 3.776266010083436653e-01
1.546565832299001686e-01 2.188287495915006708e-01 4.889767781746233721e-01
6.147876187821681437e-01 1.802090035093503184e-01 9.031740435563162528e-01
3.939493044138914213e-01 5.914468372539590790e-01 2.152401340827834186e-01
3.431560577119391331e-01 3.042106382795779496e-01 3.941923089006471592e-02
1.690012156188732684e-01 6.666543700446764253e-01 2.386577411556163320e-01
9.556737647918577272e-01 6.579433531765598309e-01 6.447357828132294078e-01
1.984923533633751180e-01 5.854617345153952934e-01 6.216409516544245673e-01
5.908625712344609537e-01 7.654643222276719117e-01 8.262166120900311661e-01
2.032213996541298862e-03 9.207296376414887407e-01 1.840017435823294578e-01
6.260282664071364911e-01 6.966957178618162771e-01 5.249084680701598948e-01
1.662500424665511733e-01 3.777099071203500191e-01 2.396156377537077553e-01
5.412630267545469609e-01 8.929933923413961860e-01 3.827921088024399676e-02
1.922667255008780884e-01 5.083988665563301534e-01 4.277880105239471042e-01
7.210452823233182151e-01 7.352416318291689068e-01 5.695675732730326457e-01
1.628256485050868507e-01 4.465815338053028549e-01 1.211983650412384872e-01
9.600260444658720305e-01 5.684268493902524533e-01 8.866725492170210998e-01
6.381001446700568236e-01 4.842953098557079006e-02 3.863224498470612112e-01
5.755385078729353676e-01 1.211096464508455428e-01 3.988566753222920758e-01
6.678527343236068115e-01 1.546571283020086174e-01 3.826838680233729528e-01
7.391252700462280778e-02 2.383911130794478250e-01 8.248398362921736116e-01
2.849365462214402678e-01 2.035958060625289168e-01 6.538224138605505109e-01
3.814247590474801886e-01 1.417586539288683278e-01 9.479784303742911922e-01
3.293217533754839721e-01 6.450006354323162272e-01 3.652165201865325006e-01
8.549617018861921380e-03 7.516727707178645357e-01 4.544819155110240150e-01
1.306017568923751870e-01 5.297478485577411522e-02 8.325803045311218620e-01
7.462086283184017343e-01 4.124722002885151673e-01 6.008824499003545538e-01
8.075716069569051081e-01 8.377521869528213871e-01 1.839136771524525482e-01
9.030963682097143952e-01 8.906640358348432152e-01 6.275009633177893731e-01
8.468691178648967144e-01 3.682261956068872966e-01 2.862617919621337492e-01
7.128499901741975897e-01 8.852206455272660923e-01 3.376588854061061129e-01
4.281694337741879242e-01 4.784956532867888912e-01 5.805649026603321161e-02
9.880485388595704466e-01 5.610873260355550007e-01 4.474299221710299479e-01
6.997441297199930021e-01 3.272215184866850146e-01 8.476924984517888451e-01
9.208641599430879010e-01 5.959971854799519519e-01 3.770821075194286109e-02
7.159518495156592666e-01 3.247334252342075622e-01 6.986126528103686617e-01
7.331238115135730871e-01 5.865021187427557070e-01 3.712509932988687922e-01
4.040602693428296810e-02 7.225759791176292746e-01 7.687019371618064589e-01
9.748998767397910603e-01 9.910657565054002971e-01 3.825362273754122633e-01
3.549971830052690569e-01 8.170341946255068599e-01 4.437852035121272465e-01
9.854024527862277338e-01 2.543513490938195121e-01 6.840607397278262169e-01
7.899722819149856967e-03 2.169691718167227057e-01 7.526016421150786284e-01
9.470316036505407320e-01 6.842732982373962436e-01 5.604933364064612622e-01
4.545750102458945285e-03 9.558242364013163073e-01 4.446104622391757744e-01
6.061622111331154139e-01 9.553194151329982287e-01 5.204420691120847930e-02
1.291669042261323064e-01 8.505447672154063943e-01 1.574835361738096129e-01
7.445721099712673263e-01 6.001372186436886302e-01 8.010735611389888655e-01
6.153840501967345888e-01 2.297054030752687659e-01 3.579967582744736365e-01
1.970789259814897942e-02 4.304362407088001552e-01 9.656791228874145316e-01
1.636459387433518708e-01 8.146280626449317053e-01 4.039138792153280644e-01
9.000736140618105230e-01 7.375375150855238982e-01 8.741615377255732566e-01
6.825070403650788098e-01 5.224243028019297519e-01 3.288195751507787534e-01
9.051500524901017197e-01 3.886315617086935070e-01 3.284274887867636439e-01
8.731428081000778274e-01 1.230339425930426778e-01 3.743891450201223270e-01
8.585796039607032082e-01 2.201868487378026984e-01 8.884214011206531536e-01
1.413229122853458808e-01 1.778808815473573723e-01 5.521773174841992926e-01
1.624174498206696349e-01 9.884830504545782937e-02 2.128555315007483184e-01
5.213545891484522299e-01 7.720274349346271103e-01 7.329052639029000060e-01
1.253029095686244432e-01 2.937965065391147101e-01 7.665363699970954015e-01
8.601887308891772443e-01 7.006664905270953980e-02 7.375105922724897178e-01
4.680704848671458640e-01 3.010102467131366977e-01 7.954555918615557886e-02
8.927077984063702676e-02 9.418964274834270567e-01 1.520675251976510989e-02
1.902142400559049262e-01 3.499305163599127910e-01 7.092754077759951814e-01
1.159182783140800810e-01 2.664577940214507557e-02 6.394763076877574282e-02
2.627285708051041446e-01 9.416585147696501235e-01 7.518993268578966216e-02
7.237345070014884474e-01 6.437252834105832155e-01 2.053868335137424284e-01
1.496782290397269399e-01 6.288520933213898045e-01 4.108331593806515691e-01
5.266114094177480887e-01 6.734439587966460916e-01 5.549205884060689487e-01
1.696287078980149854e-01 7.145948408348801184e-02 1.362622459095707006e-01
8.937799496348791672e-01 8.841532004919780974e-01 5.378356333820616397e-01
1.152955070696594086e-01 5.734856206061736961e-01 9.071322514646693591e-01
3.882572970400695045e-01 6.817738920853165796e-01 2.778669375095231819e-01
2.692468318246807879e-01 3.312198868753583048e-01 2.368078165040020666e-01
6.925296349525743578e-01 8.061313430448910911e-01 4.887816351225975353e-01
9.291219747921349859e-01 9.506546755732285803e-01 7.510274983199133336e-01
3.897720628181730040e-01 8.956768573704754210e-01 6.280225503889872440e-01
3.981394415079961835e-01 3.691553149909810871e-01 5.077030555018439140e-01
8.036168709207071048e-01 3.311370409684143423e-01 4.885102137494269359e-01
9.357061573138859556e-01 6.662059446900053805e-01 1.700022828327396596e-02
9.800347793796627682e-01 1.125631477639168487e-01 4.139867516327759844e-01
5.552001533771325770e-01 5.500820498259891833e-01 4.917213929634763891e-01
4.461415400250854368e-01 9.748438193996847856e-01 1.921369582264113030e-01
6.040321370554089242e-01 5.861821567778109365e-01 9.208813091316738753e-01
4.712214765219496782e-01 9.161950429380365524e-01 9.568075738227599381e-03
6.541500672029521013e-01 7.334093294142739472e-01 9.621840764310110039e-01
3.792161291736081408e-01 1.417197980771989219e-01 9.629194712647184407e-01
8.418822732264357178e-01 7.663955946499725336e-01 6.960623782248284153e-01
8.190571477198415051e-01 9.981324139939704576e-01 6.847538702597055771e-02
5.342878842641552994e-01 4.942943544656867028e-01 6.915629085631693762e-01
5.184155453245559153e-01 2.086081965146293626e-01 2.120732646127427845e-01
5.541618500315745877e-01 6.036786834087266573e-01 3.653994018074115946e-01
5.752789639250311948e-01 8.317211640342385692e-01 1.166729169082666440e-01
8.455673516238326748e-02 9.886464858945065437e-03 2.734896960390335030e-01
8.129257936125700024e-01 7.877683485460351687e-02 8.766326443060944440e-01
6.060126431449869289e-01 4.475756910671186972e-01 8.369592227631184045e-02
5.062493593294248306e-03 3.399607727257298873e-01 1.713053212219255439e-01
8.301593732280529991e-01 5.733791251830671065e-01 5.138196496569575888e-01
6.529032109388706040e-01 1.253964988732143571e-01 4.677590683600918453e-02
6.285970132829576951e-02 8.457736752811495506e-01 8.827034625737538720e-01
5.546704428663197239e-01 5.584702689088201222e-01 5.968634845853256765e-01
1.099977923445928374e-01 9.909951889818784387e-01 3.154565789431519329e-01
4.956086943885488205e-01 2.140889361743758545e-02 5.764735407399529388e-01
3.790172557455394609e-01 2.655192791743196112e-01 7.538066064391953924e-01
3.944452562794766859e-01 1.721743170852534366e-01 6.121438896393014417e-01
6.802669243883174843e-02 1.490019061287528590e-01 5.017802805428482893e-01
5.133192900799582459e-01 2.064906919019073861e-01 2.012966688806686610e-01
1.145750197099553169e-01 6.259526740614421714e-01 6.174184836032179380e-01
6.501871820154943027e-01 4.452177829440410184e-01 6.789459794999196385e-01
9.552043989671790136e-01 6.136477942534852570e-01 4.739615670976785600e-01
6.598028261295861840e-01 3.086699747804471095e-01 8.576320320349944959e-01
5.851757882109798192e-02 5.437708832126809666e-01 3.881705769049406118e-01
5.758492527929892635e-01 7.157783246832097879e-01 6.674658007349041355e-01
4.531476255760631400e-01 1.510195708879250587e-01 8.784050173695222563e-01
9.702366411400276114e-01 2.425594225317168062e-01 5.809065226600624854e-01
6.734081736376118510e-01 7.101230893400253263e-01 5.758874138239493679e-01
8.209590815782360496e-01 8.054946674804664974e-01 2.801839212554168013e-01
3.347617115681393862e-01 5.161319787133934467e-01 3.505824802406996010e-01
3.541208565066200631e-02 5.465427192591434391e-01 3.198285658864284953e-01
8.717295425983226931e-01 2.848802327150871117e-01 8.757404598590582401e-01
9.987521716824228069e-01 1.691888101102658748e-01 3.681302086209218283e-01
6.174225808892050971e-01 1.608888537205503955e-01 8.201820454314825426e-01
7.065172684657746727e-01 7.682072172146180433e-01 1.242491400705846294e-01
2.912090111374628920e-01 7.282981125986516258e-01 2.389083685694483039e-01
7.850344781187630350e-01 3.774208247559198703e-01 3.845033009972242954e-01
1.112458045728240696e-01 4.374456966662008117e-01 2.325729400862696084e-01
4.177191453589645942e-02 7.011747510489370061e-01 8.087407314802453895e-01
9.933466520389840904e-01 5.472562519043067120e-01 8.526384885122332280e-01
2.360443959594739072e-01 1.537412309659507148e-01 6.465588205975868474e-01
6.806368093399944863e-01 9.481438220042658349e-01 3.142805051326568178e-01
7.595083823060337913e-01 5.821700656381675332e-01 4.402296090110805471e-01
4.239469110662583695e-01 4.739230939183020075e-01 4.778565623837087717e-01
8.004831548329484070e-01 2.077100853178703854e-01 9.207320051782954540e-01
3.032562904072257925e-01 7.991859271983825508e-02 1.314729726645729180e-01
4.558618248505770243e-01 3.861609042318083773e-01 1.720659209759907160e-01
5.125766905809346907e-01 5.972267136005108279e-01 4.827533930893896930e-01
4.129131252644355765e-01 5.122639613707971051e-01 3.364498494843186638e-01
1.958392735675940077e-01 1.227156302546438260e-01 1.616466766019133416e-01
1.283979993760875349e-01 2.753495847165583488e-01 8.223395556954984364e-01
3.434411050677876887e-04 5.464946613543977261e-01 1.785425257025875512e-01
1.143290244386639953e-01 8.003709466437908260e-01 8.709057884715862841e-01
2.663622342482628857e-01 3.263294435257643178e-01 6.498302746134345664e-01
6.147164143790517787e-02 7.878197117207551559e-01 2.507854694495320613e-01
3.799003350911044352e-01 1.403438492302085949e-01 1.500202686862055490e-01
7.379337060929541670e-01 2.602378082794807312e-01 1.207162975490954082e-01
6.125029767331646724e-02 4.206506877929759858e-01 9.229289559134683518e-01
5.412327417401363583e-01 4.160816330323628964e-01 1.341590512328952878e-01
7.223642880545233513e-02 9.969312849356093409e-03 6.190217517750506993e-01
1.369305964491863703e-01 7.026043562046280222e-01 2.233008554493689513e-01
8.097344492434962460e-01 8.314498693717774502e-01 3.970188325025880705e-01
8.924960557245645854e-01 5.333816738948329306e-01 2.869435668003070816e-01
5.719301057316812376e-01 1.394711384066538162e-02 7.121063890162698806e-01
8.843275785311733861e-01 8.497177124037681439e-01 5.914538182883719575e-01
7.617327037635057696e-02 2.251270250122726635e-01 8.664821928379776717e-01
4.181595979245498196e-01 7.345730833137708027e-01 2.375967348487393327e-01
3.496038712727395081e-01 6.954761114704045566e-01 7.335524525717751487e-01
8.545789012362989823e-01 1.011562978549767067e-01 9.287066585383030315e-02
9.686367786086965692e-01 1.514623619199194637e-01 3.344688853845602106e-01
4.495390512109541659e-01 4.132846783320208717e-01 1.913730852245565384e-01
1.992464522058017273e-01 2.563771041864298939e-01 4.350129266364926028e-01
1.971605942063408001e-01 9.549140263261278738e-01 8.027976165458494684e-02
2.759681512062325259e-01 5.270368767985235126e-01 8.653073928210425203e-01
1.425902768433784384e-01 1.707067294782668165e-01 4.256827376056058210e-01
7.104332965642650155e-01 5.630807592864730537e-01 4.671851666785998836e-01
1.637785745293154349e-01 9.881783659227901806e-01 4.460106957330470800e-01
2.766857687672364952e-01 8.108869568731225108e-02 1.303104193918245279e-01
5.831111679053440078e-01 9.059914167083269465e-01 4.316247366661790652e-01
5.384223746812710765e-01 3.711809441899324158e-01 4.042118075644313135e-01
4.088765055321396114e-01 5.406786585490581665e-01 9.377588683238027301e-01
4.688942149647036262e-01 7.408140213572562693e-01 6.177599502104779150e-01
5.289280482200334754e-01 2.427601996459083367e-01 5.638599166497287873e-01
4.585713570510121517e-01 9.200924849938911798e-01 8.195335470344681239e-01
2.742307222503862496e-01 1.153978729733374786e-01 6.885916846941508851e-03
4.319717734230289485e-01 8.026755771506918213e-01 6.195005056848409408e-01
9.733146518491336829e-01 5.183898134540256830e-01 5.054331121954280803e-02
4.709751830825439356e-01 3.399315292696099000e-01 7.308172166476808451e-01
2.053815302815672483e-01 9.501016854007021673e-01 3.550895195647107982e-01
5.242427342239281973e-01 9.459428251363536377e-01 2.343943732216893228e-01
1.064824540497424366e-01 8.312392535027665064e-01 1.450257051221377491e-01
7.775340605365412827e-01 7.311154429144320899e-01 6.674347561468545464e-01
4.319708604674112884e-01 4.785859320466250288e-01 6.507657628438847652e-01
1.622920794171367476e-01 9.453708279489180244e-01 2.045174787760934976e-01
5.019317619027464650e-01 7.062392842197935394e-01 7.998460356037121466e-01
8.698299535204491173e-01 5.576176847420729610e-01 8.034066586660971732e-01
1.963175940622629012e-01 4.021524072883075895e-01 9.512407931864860222e-01
3.191118231822612783e-01 2.898292540371818493e-01 8.162207472012181775e-01
2.698271939980689815e-02 5.802421973441274083e-01 7.048414347942005831e-01
7.352291031863184001e-01 8.304566737298891832e-01 6.523176670544581501e-01
9.617087483140115411e-01 5.163788236622934846e-01 2.742566066244080947e-01
7.937872690195468817e-01 4.420245128254645106e-01 9.835221425564379949e-01
9.009482805620111501e-01 7.026169204413379443e-01 8.909143962224240765e-01
4.384752807778621309e-01 3.513157222950281655e-01 1.266075232567153153e-01
5.868647887694176113e-01 6.414095092091245398e-01 8.809605881474013023e-01
5.880318534538708786e-01 1.235132682933395287e-01 8.112088076599031083e-01
7.188986319948036385e-01 4.409940583246650947e-01 6.552038480217158289e-01
7.899947711117677462e-01 1.385648815634976661e-01 5.499150774203442893e-01
3.659380636510393137e-01 7.343060355918565874e-01 2.015331646900708762e-03
5.321953025098289380e-01 3.663500087822889606e-01 3.041547367730120799e-01
7.320718341850551703e-03 5.077453506554530094e-02 1.467095224792979158e-01
1.942521614256574880e-01 5.653978696600738818e-01 7.180425133451816544e-01
4.999401188811523067e-01 6.211214925946494381e-01 5.759264846797633730e-01
6.501931969283100132e-01 6.926390041341174975e-01 2.139894310810630529e-01
5.142415541349117936e-01 3.372175892595410396e-01 6.587933333314330842e-01
7.365486604634535750e-01 2.168301062600573870e-01 5.991481076042008969e-01
6.169996791013039328e-01 4.524398554259920768e-01 1.695455284523034178e-01
4.353239527084535876e-01 3.842837649849852877e-01 2.351984603435937071e-01
9.464108887402357118e-01 6.331604730742818044e-01 6.441469014687017935e-01
2.296916422312084149e-01 4.300320337212935051e-01 4.524748864241577850e-01
5.784436259319032381e-01 4.867936382673587747e-01 1.775245726887086928e-02
9.335764779611556152e-01 6.527379585188261002e-01 3.311904596903035847e-01
8.597044695900998290e-01 2.220941819761972358e-01 7.532968506255939278e-01
1.043426761456515139e-01 7.595266758350009972e-01 2.625053965363014497e-01
8.671289445130831997e-01 9.379289902728690231e-01 5.645784741852156730e-01
4.651135203350914571e-01 8.364237049657541334e-01 2.371723392997505675e-01
6.270724856679036341e-01 4.947868309423691935e-01 3.424390284835774345e-01
2.297799610700428374e-01 7.659472433422558346e-01 5.728917612554513816e-01
5.337130872887292377e-01 7.628571165360273909e-01 4.248066473430810452e-01
5.453359403223718704e-01 4.854295117826401551e-02 8.384192556043988942e-01
9.847746303077695718e-01 4.679497224280804168e-01 5.435791101835282246e-01
4.598906644985085723e-01 3.547968073241114517e-01 9.890505419150340538e-01
8.292764031660019297e-01 9.954170222981929550e-01 7.802212164446320486e-03
2.431221558705812802e-01 4.587559979884918704e-01 4.973570412028430754e-01
4.996303503911326827e-01 4.127145969865819719e-02 8.055978112056708662e-01
7.186558731618438722e-01 2.376872912788622338e-01 3.989236250926294636e-01
5.181333120265756431e-01 4.013461115371023125e-01 7.441154730432707476e-01
1.268620521609112872e-01 8.033380533527498812e-01 3.652164982678470784e-01
4.397642142418404232e-01 2.068667758477005236e-01 4.726327374793848346e-02
5.616568678924905855e-01 7.639853831385928773e-01 2.471118053734699949e-02
6.815510475502036813e-01 1.099833968990275856e-01 3.383811997125371063e-01
5.331766234315510333e-01 4.541787209782851553e-01 4.184820134082917198e-01
5.000199104914059278e-01 9.457200634902421799e-01 6.611649378597034277e-01
1.206527771701787488e-01 4.048120542171482761e-01 9.074431784762397868e-01
7.318525477510493538e-01 6.814346717433974465e-01 5.400595158567241816e-01
5.398055796692277086e-01 9.100588763028288897e-01 3.140792844766986391e-01
1.892879136660756689e-01 7.368598562668737806e-01 3.939470512387502898e-01
4.636780766857864222e-01 2.672170754194032050e-01 3.566753502903344808e-01
4.220600351940276829e-01 3.957685061330957765e-01 1.627364978241012672e-01
5.336958181318129935e-02 6.313728033018982666e-01 5.631888359273256039e-01
4.130728574231513628e-01 1.859055533879420130e-01 8.283218277716150046e-01
3.920801689510816646e-01 6.177318815357129012e-01 5.413473983045367088e-01
8.463841961310573092e-01 5.128225717378118720e-01 5.172600228157095970e-01
9.202283887613570412e-01 4.448454452699991402e-01 2.925519331220026720e-01
9.479392613898766085e-01 6.402552593392460967e-01 1.802151625807630886e-01
1.621779873179274301e-01 8.837063887384760674e-01 5.322102539261996945e-01
3.177776688070278466e-01 1.200532706703172359e-01 7.420291340583178297e-01
2.985578757517491910e-01 8.062329887662081918e-01 7.924327344833599351e-01
9.344116993731029774e-01 2.830576155220587697e-02 4.774553417191906846e-03
2.839715395794373265e-01 8.260460151695160347e-01 1.232055661312139172e-01
4.036173964601906805e-01 2.453264152881813320e-01 3.053773812883998628e-01
9.710336036265443393e-01 3.264666816197919763e-01 6.715684479954431296e-02
1.746950602890252613e-01 9.716587542667878274e-01 3.198045382479530740e-01
1.123792698119662203e-01 4.109494563341079543e-01 5.803899872120349412e-01
1.479685575277326359e-01 4.437821060482161073e-02 3.398309492941129495e-01
6.469223968543629244e-01 5.958980926020364111e-01 3.780358835698660602e-01
2.656780813062138424e-01 9.810473238876126212e-01 4.652569299062372377e-01
8.983323190102506794e-01 9.338583718627663233e-01 5.366195864664123905e-01
6.447111579247727375e-01 4.362149058160076365e-01 1.932464188528401072e-01
9.147618487576234525e-01 9.527097505583440595e-01 3.248359826674385165e-02
7.578316611805049341e-01 5.786227141635176263e-01 1.369182079098644200e-01
9.502182554969781370e-01 9.249094007813477569e-01 2.358424306854594033e-01
6.434198273252529354e-01 9.675275843730296588e-01 1.934688957702238588e-01
5.182480883098483648e-02 8.354365109699278813e-01 2.878877091744166394e-01
1.643929855007417729e-01 3.264456191708131616e-01 6.357416978772234550e-03
8.194163164475304351e-01 7.885620872801148984e-01 1.905327203490678745e-01
6.354146704238495813e-01 6.191571898513476002e-01 3.706143731429052401e-01
2.913674747913547192e-01 7.534672710751468827e-01 4.601841713718265447e-01
3.876297885332086191e-01 9.043250639198007201e-01 1.619242514151763013e-01
5.852114373892917110e-01 3.312536511104768877e-02 3.372415491763696149e-01
7.616809148841052757e-01 5.800017292696458826e-01 7.070203842640457870e-01
5.019747205128253231e-01 4.932880021782641844e-01 4.560130487113333020e-01
8.168887629094794267e-01 7.050265452534104638e-01 3.116048394319534953e-01
8.688067844884779234e-01 3.098428171530225317e-01 5.032263054332086760e-02
8.538231758625296486e-01 8.414743161089943690e-02 1.289571273834408949e-01
5.895019304708912777e-01 8.282593353161022964e-01 5.757613228474353084e-01
9.097545388437300318e-01 3.778272777539058991e-01 2.830619904440648815e-01
8.257817681669413767e-01 3.544353853837903801e-01 5.200230215659917832e-02
4.332003846363496891e-02 2.498177975220082780e-01 7.859686808196321151e-01
9.991344229385640263e-01 3.782428150661077959e-01 8.246533894095764428e-01
8.017483476424152045e-01 2.778225908784029974e-01 4.731458607854027720e-01
4.482543405415255755e-01 3.031207427101249019e-01 5.257270138611740418e-01
3.989741837485062392e-01 8.547157292495676240e-01 3.652950536139087934e-02
4.124039229229212733e-01 2.998872845199148651e-01 3.264920948507298304e-01
4.072701072341566864e-02 4.574471891687225122e-01 2.515478573669578388e-01
6.345540520917645200e-01 9.726917423423760978e-01 5.265832066042839266e-01
1.562358207259878506e-01 5.479240803256831827e-01 4.251333958395964174e-02
4.681062459744561588e-01 2.206086303007326332e-01 7.494871453352864865e-01
2.578353787830138799e-01 1.711167336469243683e-02 1.986488101605329293e-01
1.063558350456160762e-01 6.665412930216427778e-01 3.376539253790953321e-01
3.397679070499265430e-01 6.286697346381285856e-01 4.588485551711354304e-01
9.337239997251224333e-01 1.832593713737888930e-01 7.674534392166230123e-01
8.775596065109687594e-01 8.536505043343131094e-01 3.045500062056961665e-01
7.076230144002382261e-02 9.607644806054015385e-01 9.242519537822087017e-01
9.564463650644403625e-01 5.715806512552864538e-01 3.482593421832954617e-01
9.357959866493822387e-01 5.528989519816953635e-01 4.588590221459589724e-01
6.812719891216822976e-01 2.821780491235723609e-01 1.927049924201030828e-01
1.727335670606489071e-01 9.082638948762117304e-01 4.291798811548477310e-01
3.363677900784008967e-01 6.282581898904441298e-01 5.457753223517863850e-01
7.618051189400643075e-02 5.480610234096280342e-01 5.843857997009052063e-01
9.283087898547092154e-01 8.952669407080083852e-01 5.228536284647848920e-01
9.414417914243097263e-01 9.524856953162164075e-01 1.929680598037356587e-01
9.103102159027292029e-01 3.804193676490856824e-01 7.753505618099010288e-01
4.608819595146692594e-01 2.826318137107037831e-01 2.084819003484760236e-01
4.244651867154667357e-01 3.831151637866663240e-01 2.291487182651984478e-01
4.984357308894521443e-01 6.621208895133867678e-01 7.445272050718393375e-01
9.323389315930940002e-01 3.828094628215072959e-01 9.684839463436948348e-01
6.456765246254367874e-01 9.179347779601820800e-02 1.472592152122977893e-01
7.992191095211546026e-01 2.247357320611383935e-01 6.455044815350681198e-01
3.257895307911151672e-01 4.262221053187370545e-01 2.327419519704043704e-01
1.474917408977091116e-01 1.725146899880815043e-01 7.284319766274195418e-01
8.944891852341241290e-01 5.132742694073804124e-01 6.983914009792202560e-02
1.482153066853018064e-01 4.943056602711668468e-01 1.943518520165734564e-01
2.759450981792727076e-01 7.995661616125804283e-02 5.400130070628126333e-01
3.190115745612007725e-01 7.978776259943848315e-01 1.588654489842649120e-01
4.397270930451785409e-01 9.197671093049151203e-01 9.199200477252120756e-01
1.700926480278319719e-01 1.011432890647577798e-01 5.847517614626117632e-01
3.918191472623558935e-01 7.526501853497834515e-01 2.283650631400742093e-01
5.134610618297071882e-01 7.398716304072960881e-02 4.770844110938526894e-01
5.089777068456586839e-01 4.668216117477944627e-01 4.868679642644191397e-01
1.677943128465420042e-01 6.603132884345089826e-01 9.223679367262114237e-01
5.111980491309683350e-01 1.660509303282420301e-01 3.076262014456090377e-01
5.849524270844523866e-01 4.022130775231015365e-01 9.000085264839675636e-01
1.796672294076607779e-01 1.273862234080517242e-01 2.295678841705567352e-01
1.815007149075169579e-01 8.473491303187966617e-01 8.521758176438350985e-01
7.195805098584640014e-01 7.398813119210786438e-01 2.349454920010841663e-01
8.452518538106346124e-01 4.387578859365556250e-01 1.113014167240314878e-01
3.720940211060561609e-01 1.164134761548200059e-01 1.190019677217668548e-02
1.252420944847285611e-01 3.182432608360483695e-01 6.850767741931342858e-01
2.415278843191860370e-01 7.631279961819437130e-02 1.444902821438204255e-01
8.752608769959679957e-01 3.092627948619361966e-01 1.425253649206884576e-01
3.525219332589293320e-01 6.290299104526829721e-01 1.831458586415499745e-01
4.402049940278833784e-01 4.613410394594469333e-01 1.017385193209393579e-01
8.817122186584362975e-01 3.437706765624582994e-01 6.132518669900357544e-01
5.294345772344989376e-01 5.674875726733092929e-01 3.067259971004353547e-01
7.615870687035175557e-01 9.214630934760373870e-01 9.144658441892344891e-01
5.224460852305449210e-01 6.300094449742240643e-01 3.439789362153136132e-01
7.009950580283745847e-01 8.807206076810839557e-01 5.821329507166587147e-01
1.301414933958776610e-01 3.580824157505353433e-01 5.438397953752341918e-01
8.794765467556574512e-01 2.544690451286776289e-01 7.554855390592649655e-01
1.704746549343297835e-01 6.705888896136817934e-01 9.652959808861868440e-01
3.866586040330481922e-01 1.808342558871097738e-01 6.867956241907628989e-01
2.962401650751876891e-01 5.950162389406614682e-01 5.279308053261110301e-01
9.936230223992674748e-01 2.876568760953071013e-01 2.459204038318918428e-02
8.536850791000472061e-01 3.393055894729773980e-01 4.917337653319709956e-01
9.960783622659578063e-01 1.189201247442606135e-01 5.266700749519137581e-02
8.497591023124209109e-01 9.205963291922657499e-01 3.232408743233450288e-01
1.306854946438562592e-01 1.610477357187704017e-01 3.720065727909019904e-01
9.031832910241056611e-01 6.592842206622934187e-01 2.059457989204936945e-01
6.091425231141023300e-02 9.999956604775961377e-02 2.690016221770663574e-02
7.065825733943887910e-01 2.114507706938963949e-01 5.304161011123695868e-01
3.681594194814425958e-01 8.909572816718727140e-01 1.179080248288991717e-01
2.769309501459493728e-02 6.382428708136868023e-01 1.245547810229503671e-01
6.389406035233162751e-01 6.448135490080120213e-01 8.481664215878512714e-01
9.921001745616553347e-01 2.101201586647905017e-02 8.531702529801705737e-01
3.464875437372387790e-01 1.645028784201267857e-01 8.931524084741718772e-01
1.919283089148924315e-01 4.739579522460849459e-01 1.699117797623106441e-01
4.017750333769165572e-03 8.192664588478004717e-02 7.843309240666539450e-01
7.458778296420850440e-01 6.848046161824415945e-01 9.901711746072117126e-01
2.802066570793236844e-01 9.704630486652791044e-01 9.139712777428702362e-01
8.179337741120851213e-02 7.396660921680071610e-01 5.916998522500716007e-02
5.232164673457204707e-01 6.523179269904433308e-01 7.154838612198652914e-01
8.819515600318716952e-02 8.176300751438675407e-01 3.395187732139315351e-03
2.310174071481227998e-01 2.671387452645663796e-01 3.658731497013678613e-01
2.543644839739006569e-01 6.819655884031178283e-01 5.462104847913086259e-01
9.085623108378836355e-01 6.850015077560309695e-01 9.613802581621346821e-01
9.451788564367255008e-01 2.427760073454466871e-01 5.215680495092199775e-01
9.567677184911744792e-01 3.116914462785772555e-01 9.839150531391595011e-01
6.387726052231451623e-01 8.921612339855167217e-02 9.445606574282030543e-01
2.423121263412399973e-01 5.097511864907131596e-01 6.165486696604133288e-01
8.470314331821322540e-01 8.152456453431231598e-01 4.650271762958257948e-01
4.809882451137806880e-01 3.881445417998375946e-01 5.793074986832134066e-01
5.164394740422145746e-01 1.319960529390622472e-01 7.117437462987716845e-01
1.952670344602351893e-01 9.679387025329777572e-04 4.630006499233489947e-01
4.086061026615115388e-01 8.392956563275804083e-01 3.504775079413904315e-01
8.275675376322838561e-01 5.761840843800021261e-01 8.813226795575104244e-01
6.210928731683853510e-01 4.089987491117184071e-01 7.840816212331287449e-01
6.321204890906323426e-01 7.029531495167349320e-01 5.724070134507025509e-01
2.293829244660821054e-01 6.150875205774337662e-01 4.275028824641959879e-01
1.221803555821149301e-01 3.969456786363113610e-01 6.962106573292461409e-01
6.255129743064827830e-01 4.529490069602156721e-01 2.805530323409487492e-01
4.478009403902505348e-02 6.619519685508087337e-01 1.887562651029403016e-01
2.566104006307978747e-02 7.775509981265608106e-01 9.494465063843970931e-02
3.481793100935822727e-01 7.528469221964100289e-01 3.421652661347163171e-01
5.944008238360141139e-01 9.264299193229024176e-01 7.950819193792187933e-01
6.496347508260049697e-01 9.204583751465824637e-01 5.214309911188887980e-01
3.824053589403756392e-01 6.452077264231781406e-01 5.523496517164400155e-01
8.457902025629431275e-01 3.531591157779649937e-01 3.431391682693659684e-01
6.918524001567358805e-01 5.606180057834631025e-01 1.330639780398101824e-02
7.041954854598400093e-01 5.949298048480287093e-01 8.289933950224814829e-01
1.228696554039110378e-02 3.486152421432502369e-01 4.414485904378959713e-01
6.522660521996718197e-01 1.216812621297870267e-01 9.292554173005667106e-01
3.021334266750280717e-01 2.404570210312154677e-01 6.706363410675142411e-02
4.905590832248368782e-01 8.440258713754075215e-01 5.502747442524563715e-01
9.218160255187702878e-01 4.570778906369235006e-01 4.000458296214797205e-01
9.658573615345505958e-01 9.840031880550799137e-01 5.234749547314040408e-01
4.323662823438871872e-01 3.204722378859916621e-01 1.025305238177646183e-01
2.471350795374066545e-01 1.441163721899920702e-01 6.742686328908176208e-01
1.031942106374599266e-01 1.520422050623390087e-01 1.470768860708263626e-01
3.719800378706784594e-01 7.439050787816712251e-01 7.030910557431433450e-01
7.085259865925088718e-01 3.127362237469752948e-01 2.989955129362742436e-01
2.081058676370972638e-02 2.430403207493501139e-01 4.869601462687681570e-01
6.756839587347780451e-01 2.729156163189112583e-01 2.771536978093349646e-01
5.484446575384087641e-01 2.815916197424211953e-01 9.854713804261548971e-01
9.139126038356963910e-01 9.498557407718810630e-01 1.741839243014392524e-01
3.731693741091132166e-01 9.189475535304350018e-01 2.896415519455945997e-01
8.675605689091728800e-01 2.827733172796196293e-01 1.780094928025589551e-01
1.702419245666082492e-01 1.836088115196252701e-01 8.073235426026470485e-01
8.826480013981671258e-01 3.249383853704840286e-01 2.050917695954365128e-01
5.023275704936158714e-01 4.011586035276011319e-01 4.199621988233924741e-01
4.211467152157415406e-01 3.137393249573950937e-01 6.304525304337936786e-01
7.199854148281725763e-01 4.303335497705352841e-01 6.176769131932714485e-01
5.734021688983287346e-01 4.067211395332280821e-01 9.970151297569309623e-01
7.407032838858899071e-01 2.656965649161843190e-01 7.859435925587021643e-02
6.238436064558566807e-01 1.120551542154605285e-01 8.167084982631547252e-01
8.532384988001425752e-01 2.876436290648431982e-02 6.466200913163304698e-01
8.627476776623126398e-01 7.469870201906481100e-01 1.528672467107384803e-01
2.676897983304717954e-01 9.500285527869642976e-01 2.893410376724462330e-01
3.139446094395884623e-01 9.173388608074518613e-01 2.882626551828901817e-01
9.252225542156699012e-01 6.997599915916893343e-01 8.005123818773346445e-01
9.900068291438915979e-01 6.169563947910683410e-02 8.708911853046710227e-01
4.750222307113292075e-01 7.544148544299478232e-01 6.493623959974881288e-01
2.506758582094292809e-01 5.932469207227427654e-01 8.075039917661614997e-01
1.514676488263910770e-01 1.803566078029452679e-01 4.900708971939279346e-01
1.223961409747986728e-02 4.206508679530592820e-01 5.141199178732859254e-01
8.523703573667452682e-01 7.478914081370224842e-02 7.332354848500026723e-01
7.730466962810976783e-01 5.154815402789255652e-01 5.705642376172881391e-02
6.350840727105204753e-01 3.967866518112038721e-01 3.616407231567190239e-01
7.999811643886112211e-01 8.163057661313855018e-01 4.270888612391624539e-01
5.153958913321440294e-01 1.156125206094672508e-01 8.548361827666176582e-01
6.725406576224659538e-01 8.077254902307149376e-01 2.268054801916645769e-01
9.117574783951951645e-01 1.865263000438490693e-01 2.324943754760566694e-01
8.283471400671131857e-01 3.267047703252341506e-01 2.999676534634594383e-01
1.286075742415518919e-01 2.773764103345043308e-01 4.965382278180797693e-01
5.355788268050134526e-01 1.598319525070390767e-02 7.569794594652081710e-01
7.288245718596945144e-01 5.791155704870715182e-01 7.904563956749005582e-01
7.166373859812854574e-01 4.810935868557852935e-03 6.449300868051749402e-01
1.183511942977928388e-01 7.140598826178087277e-01 9.773649763302664217e-01
4.917906621978587189e-01 5.150637955846065763e-01 8.443925261380393898e-01
8.401237640402974272e-01 2.041039062087749434e-01 3.910111659437796039e-01
4.387593267191600699e-01 3.958400360955844910e-01 7.238675632340418886e-02
1.196442398999523204e-01 8.733612936988360831e-01 9.076619075568884698e-01
7.510463905801901818e-01 8.218331693295432006e-01 3.523350579462370957e-01
9.970531155611641605e-01 7.532196565632848229e-01 7.324730372023903202e-01
2.568506101962569899e-01 9.972043350135222362e-01 5.768879408784723939e-01
4.747690873571733805e-01 9.837491363793613441e-01 5.323005390445660900e-01
5.624540608141642695e-01 2.780628950120411780e-02 7.241831800525896368e-01
9.256157289477068284e-01 8.849400376647706956e-01 3.776678479266696309e-01
5.353730212007867806e-01 6.128372214117957517e-01 7.895190713185568088e-01
8.522244510955839791e-01 4.819271352473760706e-01 8.733098362781974711e-01
6.139000530585553284e-01 3.099016872373782094e-01 4.120678014586511839e-01
2.010632870493134217e-01 2.325609755711529614e-01 3.438956161652797494e-01
3.411654977831645175e-01 9.928588457064824180e-02 6.133716866078231522e-02
6.108326797618927051e-01 3.655063314440363254e-01 7.246066223777661852e-01
9.958553830715943800e-02 3.362309541181289774e-01 3.421043051081309461e-01
4.140953040978971877e-01 5.779141023951355205e-01 7.776128823171335469e-01
5.568218196967387179e-01 9.667521997244312715e-01 5.477571917869419327e-01
2.067410329063521512e-01 3.545353575608931607e-01 7.879340482965724313e-01
6.501611645637419556e-01 9.632564849257178041e-01 8.361787033502028343e-01
4.549290842976567717e-01 9.038053242098851303e-01 5.482682731396494313e-01
7.352740150476392289e-01 8.368890614174213649e-01 3.258613789783141312e-01
1.300152876284241810e-01 8.462614561775415600e-01 6.433169001203634663e-01
4.138861472543016173e-01 2.939708915630194763e-01 9.192294157203472205e-01
1.975524548413966075e-01 8.740114798835965093e-01 2.746933921311757176e-01
7.711152339474057760e-01 1.192248375880337052e-01 4.116261983350705256e-01
1.466138553842869507e-01 7.485435026392626146e-01 4.157008842909859503e-01
2.782618175043924946e-01 9.544079563394800569e-01 5.846116748161011012e-01
1.770056277159538505e-01 8.102267770600299901e-01 3.700644318172489067e-01
2.408444616989283693e-01 5.698120356407307963e-01 2.787272663274473761e-01
7.142174859570069589e-01 8.305172474196971244e-01 3.290527123185407188e-01
3.712828715661635748e-01 8.135073968524353383e-02 5.478388464122915247e-01
5.878707293795841782e-01 8.596259783267375942e-01 5.345389132700792967e-01
1.082508003640110239e-01 2.637145215922165331e-02 2.522073986062166595e-01
5.904916273712099706e-01 8.545072936366072680e-01 5.618740010285849795e-01
7.062577099880784637e-01 6.777168348752538041e-01 8.862404075798461234e-01
6.500480848317500282e-01 3.494394864319723126e-01 6.444791172555369707e-01
3.876358818014420393e-01 1.159684137552140504e-01 1.561445050663886613e-01
4.080468733038711271e-01 6.242344032958589972e-01 4.183045160575096233e-01
5.577479559113659446e-01 7.643227182937452069e-01 3.840862960474635823e-01
4.096701701337335244e-01 5.414421619676990094e-02 3.709816981991784779e-01
3.876110026949066700e-01 3.883368235295183712e-01 5.499072629556917002e-01
8.439764898960916417e-01 4.617781044636587451e-01 1.823894158219121486e-01
3.791650524932922428e-01 4.027418627926830919e-01 8.170829779846222607e-02
7.241463977647036865e-01 8.046994501393045507e-02 4.882727460848612644e-02
3.983292783483364241e-01 2.623331060463455211e-01 2.679322475631841227e-01
3.920143808360075921e-01 9.592717277336282322e-01 7.341714197893394189e-01
3.233713799673114675e-01 7.922328527023869693e-02 8.111767285980397979e-03
7.013821768527476186e-01 2.547295118890077203e-01 5.941870645072422352e-01
2.729665841575594776e-01 2.786456595999076136e-03 1.542761418184563915e-01
9.600155573097398642e-01 2.801340100428764135e-01 7.665553745959330367e-01
4.598897392707016474e-01 5.262743736230294234e-01 5.423940712668458008e-01
4.997343894828285560e-01 8.700410790255420634e-01 3.608242075272598548e-01
7.949609048378797338e-01 6.756664874632191120e-01 6.852256190702438188e-01
2.590133740512883254e-01 6.821017521478797141e-01 1.185465405120988969e-03
7.986876041326127496e-01 7.950780495337584908e-01 6.263172319616138184e-01
5.789727534419276678e-01 6.116812964500777383e-01 1.107701733450696668e-01
1.744093665888123423e-01 3.637301326150310654e-02 4.003958179416094998e-01
6.531845390527175610e-01 4.648130415747888655e-01 5.625565734226466441e-01
6.106922426869960674e-01 4.026285953564163744e-01 9.841233573140185653e-01
6.266402012865369686e-01 3.839749188195809015e-01 6.901989633706494542e-01
7.383696909415404797e-01 8.929931649932109083e-01 4.314813456415295123e-01
8.954603012916431126e-01 1.847548148833488835e-02 9.172734330583087736e-02
7.728962713850067168e-01 3.258147903367392129e-02 2.594603719320083268e-01
1.124023277042964786e-01 1.461458058127329540e-02 4.866466681673720096e-02
1.646948952281783729e-01 1.448392999885754762e-01 7.487980739153849985e-01
5.033960716353917952e-01 3.847054435785796089e-01 9.108134796553927215e-01
4.852428108573073606e-01 3.022811977173998077e-01 5.312775602309327549e-01
9.795031138422379824e-01 8.152080570861608422e-01 9.147375287846258862e-01
1.922634777482277180e-01 2.019933796610149379e-01 7.233592483991383437e-01
9.475598758782276532e-01 9.283044694309978695e-01 8.507596481436509039e-01
1.968072651895979019e-01 4.808622017850959773e-01 9.651513767486566975e-01
4.197271035948122453e-01 2.456429464469626067e-01 3.086998594929213358e-02
1.442626882887766415e-01 2.057007391684531061e-01 8.801428655999721240e-02
3.407657675532517194e-01 3.463968696245177670e-01 3.493861805873801352e-01
8.780297590148455900e-01 4.390436595220581495e-02 5.670212643031369293e-01
9.452126784385894709e-02 7.387394085615540673e-01 6.637651002344344686e-01
7.750914516235505314e-01 9.722696024152555072e-01 3.073418678297691331e-01
9.780286685774564059e-02 8.017908014920415161e-01 2.837014343643766701e-01
6.114516353843735263e-01 3.166508438378674573e-01 7.974784130089010992e-01
3.319122969345222884e-03 4.661759219664088905e-01 1.561501023079522321e-01
6.514509668786938601e-02 9.369782512461954926e-02 8.372055225443290061e-01
1.679268536375702059e-01 3.402044582263044070e-01 3.563953711954336301e-01
3.430659252646538482e-01 4.817997393888813207e-01 9.063153615059593715e-02
4.956880581615261683e-01 5.981501145442286171e-01 6.908084777300338430e-02
4.816625493436125227e-01 2.458994202900172121e-01 2.430280267632646263e-01
2.760640228108718341e-01 2.924932414325387420e-01 6.877833617385824549e-01
6.256443830805979989e-01 1.016508424671239696e-01 3.972929020946872614e-01
4.575710963578093482e-01 2.932516281731106789e-01 7.036981393733139356e-01
3.921297580141113182e-01 7.472675299600171073e-01 6.224663343101214386e-01
5.455618247709710378e-01 4.208583534894414502e-01 4.348432596147306928e-01
1.925314761393003282e-01 4.984950913493135793e-01 5.127743478432289503e-01
7.033158127557803674e-02 3.136632053102459405e-01 5.555101647057265613e-01
4.036994215180879086e-01 6.687127641874622830e-01 3.701346475093301169e-01
4.310900575874134777e-01 6.405764682701333701e-01 3.116505234283769576e-01
7.230634586305697553e-01 9.672975603303335390e-01 1.288037102995472916e-01
1.637788991426399887e-01 8.156123643057295869e-01 7.752660196070502163e-01
2.891570458466735660e-01 2.567106599345092555e-02 2.049011092685060209e-02
7.496046756436733904e-01 5.845144401695981928e-01 8.518041802755388359e-01
2.748991150933465244e-01 9.800748618718347904e-01 5.356951208762616989e-01
7.436886172777754656e-01 3.946374513548744911e-01 5.431872716355901076e-01
9.920563052080264566e-01 1.487540783054015492e-01 6.439932261468721553e-01
4.947414946581369932e-01 1.753776967585095603e-01 9.210516490551119428e-01
6.874141453541848801e-02 3.960464607325182573e-01 4.877722315023400590e-01
8.129934319546200383e-01 8.884307497172583279e-01 5.755860196678742602e-01
1.122332910123661209e-01 8.082439863959400839e-03 7.291926729933173590e-04
5.613424969101249440e-01 6.290034040464120846e-02 5.418124200515284095e-01
2.339524175998941580e-02 9.734950783006413033e-01 4.630247966961122952e-01
2.627868498892711457e-01 2.284488097707393361e-01 5.746065037508664153e-01
4.102092598061658490e-01 8.607504982615084010e-01 6.636870245181925032e-02
5.446962313189525062e-01 3.525873727405534064e-01 8.675630797522523308e-01
7.111777336356894796e-01 6.551376681641041255e-02 8.178147930964185797e-01
9.669425387502172953e-01 7.407246724621220357e-01 2.462240609277508430e-01
1.679671829820573725e-01 7.485596618825540727e-02 5.281299034392858971e-01
7.548240567377340060e-02 7.473150696224440948e-01 5.300315457836954902e-01
1.936798948431270873e-01 6.313160982943751831e-01 7.982810723964074429e-01
4.240478799629517903e-01 9.354928227064553958e-01 8.067241881913522761e-02
7.626501583567109055e-01 1.136288023826936833e-02 9.524891771488301906e-01
2.014614142331100366e-01 7.648251055610513216e-01 5.660893998813565364e-01
4.228045356578857827e-01 9.930939156715579141e-01 9.810718368535934486e-01
2.448022287465700941e-02 5.334749757309322771e-01 6.473459079204814115e-01
4.282755623506514508e-01 3.406656643268272111e-01 8.169366822140305961e-01
6.474784066018685058e-01 1.488670900371225070e-02 4.184646314947820800e-01
1.528644645199013219e-01 5.542334442320272503e-01 7.012419696659694113e-01
1.929529042626106916e-01 3.886209020097152189e-01 8.566173824341489773e-01
2.632192749243360552e-01 9.038865538740137318e-01 9.050154231625979762e-01
7.650600955073220133e-01 5.617083387333887678e-01 5.265212429962702334e-01
3.131714518424854043e-01 1.394999688390522463e-01 7.974219624945478868e-01
2.050391721572785153e-01 4.830389660492447890e-01 1.947813363849588697e-01
3.334183496402594038e-01 1.528086330670603843e-01 5.206056962148404299e-01
4.091922659382787320e-01 1.837616085978392988e-01 7.219908692090225566e-01
1.711244760187724534e-01 5.740723238201572709e-01 1.915863940381571373e-01
3.180012653062130878e-01 9.463652188684765765e-01 3.105565080083683149e-02
6.854135380634905905e-01 9.857741347075084093e-01 2.251161355159403410e-02
8.331581478111647066e-01 5.522871320516676841e-01 2.413972122177800994e-01
7.371350808495427120e-01 5.257540962289639630e-01 5.725878370949707419e-01
2.578380618606112007e-01 9.789321395853625152e-01 1.068322239582034650e-01
9.641534330675179953e-01 5.218393645501741007e-01 6.224855264268295274e-01
4.761893563914210148e-03 4.816389594488065251e-01 2.805540789445964966e-01
1.271122067888821316e-01 9.138149171194598352e-01 4.822413707841477493e-02
3.174367713811182545e-01 6.319039618279598258e-01 8.006167495624894048e-02
9.353758908365905622e-01 5.914153524673937401e-02 3.445921890089079787e-01
2.077714443985158033e-01 6.324734974228901629e-01 1.007858269774578597e-01
9.501442952897120042e-01 1.803826768601478614e-01 7.128735070780392036e-01
9.216272712583091220e-01 7.821038555646470103e-01 4.140740634966685318e-01
7.521583819505991420e-01 5.184244021850346051e-01 4.508593700183890496e-01
3.093382032701608164e-01 4.800202987488108031e-01 5.063320029888199736e-01
4.749693195444796290e-01 9.696243627274817589e-01 5.955780737088144372e-01
2.948940821463640338e-01 2.631526475644896390e-01 8.852299483504126876e-01
5.577374182590749685e-01 3.253297472653252642e-01 5.518285505046480743e-01
8.642265859062797650e-01 9.121614609297382659e-01 5.497882827679221318e-01
1.535215418911819452e-01 5.535249279135585621e-01 4.821870867381482517e-01
8.734316692707837504e-01 5.007371948957388685e-01 2.515638306568396265e-01
4.411570353059357519e-01 9.436541849695685436e-01 9.611546560128017003e-01
9.663146940234002003e-02 2.792184029203352846e-01 7.476036749398895509e-02
7.788497619718416365e-01 3.521429089205063701e-02 1.418987073343184191e-01
9.899001899532505755e-01 4.894183996109756629e-01 1.827742660972671018e-01
4.040626092943218062e-01 5.479598766112673269e-01 7.738477231607185924e-01
2.577993415614596717e-01 4.010366845403290359e-01 3.095952501355146991e-01
5.830306825455603414e-01 8.756827052224714913e-01 1.068962242353242997e-01
3.717474450472711966e-01 8.773387199862529018e-01 8.706196874490013116e-01
3.344611742013170463e-01 4.380658996709038133e-01 5.996712346274376548e-01
3.549935093221688875e-01 4.064157813960734833e-01 3.726433334782608409e-01
2.308849469354482542e-01 3.505662988559510307e-01 8.954898200215974935e-01
5.571718250465764743e-01 4.294656117473449886e-01 4.378763827104529271e-01
6.317582061211541866e-01 2.113881656000538012e-02 9.881550045145852668e-01
1.099509776417121332e-01 3.007927435838300134e-01 8.771171306340783680e-01
8.747539814455377316e-01 5.539292343968683641e-01 9.411310874687097705e-01
8.620561147153370518e-01 9.304007828459925911e-02 1.411349116851775554e-01
8.160638931196949608e-01 4.697735686551866019e-01 8.883310378541634522e-01
6.466062147019312478e-01 3.394853398930376409e-01 5.808649840938626685e-01
